1 0.4650374714890844 0.4173569277108434
1 0.5541088302378625 0.5197665662650602
1 0.19761485826001954 0.18637048192771086
1 0.460058651026393 0.42808734939759036
1 0.3884001303356142 0.3510918674698795
1 0.5246660149885957 0.49058734939759036
1 0.9714173998044966 0.9045557228915663
1 0.4882893450635386 0.4510542168674699
1 0.4044314108830238 0.37518825301204817
1 0.32379276637341153 0.30628765060240964
1 0.47144998370804825 0.4471009036144578
1 0.5155034213098729 0.4819277108433735
1 0.9455197132616487 0.8653990963855421
1 0.9821049201694363 0.916980421686747
1 0.2350081459758879 0.21065512048192772
0 0.48173346366894754 0.4711972891566265
0 0.5685369827305311 0.5632530120481928
0 0.2045487129358097 0.19615963855421686
0 0.47221896383186707 0.46818524096385544
0 0.39028999674160963 0.37914156626506024
0 0.5290061909416748 0.5280496987951807
0 0.9808406647116324 0.9529367469879518
0 0.49148256761159986 0.4975527108433735
0 0.40272401433691757 0.4002259036144578
0 0.3321733463668948 0.3358433734939759
0 0.4887194525904203 0.4971762048192771
0 0.5265298142717497 0.5207078313253012
0 0.9658520690778756 0.9501129518072289
0 1.0 1.0
0 0.23873574454219615 0.22872740963855423
